0 1 1 0 0
1 1 1 0 0
2 2 2 0 0
3 6 6 0 0
4 24 24 0 0
5 120 120 0 0
6 720 720 0 0
7 5040 5040 0 0
8 40320 40320 0 0
9 362880 362880 0 0
10 3628800 3628800 0 0
11 39916800 39916800 0 0
12 479001600 479001600 0 0
13 6227020800 6227020800 0 0
14 87178291200 87178291200 0 0
15 1307674368000 1307674368000 0 0
16 20922789888000 20922789888000 0 0
17 355687428096000 355687428096000 0 0
18 6402373705728000 6402373705728000 0 0
19 121645100408832000 121645100408832000 0 0
20 2432902008176640000 2432902008176640000 0 0
21 14197454024290336768 14197454024290336768 0 0
22 17196083355034583040 17196083355034583040 0 0
23 8128291617894825984 8128291617894825984 0 0
24 10611558092380307456 10611558092380307456 0 0
25 7034535277573963776 7034535277573963776 0 0
26 16877220553537093632 16877220553537093632 0 0
27 12963097176472289280 12963097176472289280 0 0
28 12478583540742619136 12478583540742619136 0 0
29 11390785281054474240 11390785281054474240 0 0
30 9682165104862298112 9682165104862298112 0 0
31 4999213071378415616 4999213071378415616 0 0
32 12400865694432886784 12400865694432886784 0 0
33 3400198294675128320 3400198294675128320 0 0
34 4926277576697053184 4926277576697053184 0 0
35 6399018521010896896 6399018521010896896 0 0
36 9003737871877668864 9003737871877668864 0 0
37 1096907932701818880 1096907932701818880 0 0
38 4789013295250014208 4789013295250014208 0 0
39 2304077777655037952 2304077777655037952 0 0
40 18376134811363311616 18376134811363311616 0 0
41 15551764317513711616 15551764317513711616 0 0
42 7538058755741581312 7538058755741581312 0 0
43 10541877243825618944 10541877243825618944 0 0
44 2673996885588443136 2673996885588443136 0 0
45 9649395409222631424 9649395409222631424 0 0
46 1150331055211806720 1150331055211806720 0 0
47 17172071447535812608 17172071447535812608 0 0
48 12602690238498734080 12602690238498734080 0 0
49 8789267254022766592 8789267254022766592 0 0
50 15188249005818642432 15188249005818642432 0 0
51 18284192274659147776 18284192274659147776 0 0
52 9994050523088551936 9994050523088551936 0 0
53 13175843659825807360 13175843659825807360 0 0
54 10519282829630636032 10519282829630636032 0 0
55 6711489344688881664 6711489344688881664 0 0
56 6908521828386340864 6908521828386340864 0 0
57 6404118670120845312 6404118670120845312 0 0
58 2504001392817995776 2504001392817995776 0 0
59 162129586585337856 162129586585337856 0 0
60 9727775195120271360 9727775195120271360 0 0
61 3098476543630901248 3098476543630901248 0 0
62 7638104968020361216 7638104968020361216 0 0
63 1585267068834414592 1585267068834414592 0 0
64 9223372036854775808 9223372036854775808 0 0
65 9223372036854775808 9223372036854775808 0 0
66 0 0 0 0
67 0 0 0 0
68 0 0 0 0
69 0 0 0 0
70 0 0 0 0
71 0 0 0 0
72 0 0 0 0
73 0 0 0 0
74 0 0 0 0
75 0 0 0 0
76 0 0 0 0
77 0 0 0 0
78 0 0 0 0
79 0 0 0 0
80 0 0 0 0
81 0 0 0 0
82 0 0 0 0
83 0 0 0 0
84 0 0 0 0
85 0 0 0 0
86 0 0 0 0
87 0 0 0 0
88 0 0 0 0
89 0 0 0 0
90 0 0 0 0
91 0 0 0 0
92 0 0 0 0
93 0 0 0 0
94 0 0 0 0
95 0 0 0 0
96 0 0 0 0
97 0 0 0 0
98 0 0 0 0
99 0 0 0 0
100 0 0 0 0
101 0 0 0 0
102 0 0 0 0
103 0 0 0 0
104 0 0 0 0
105 0 0 0 0
106 0 0 0 0
107 0 0 0 0
108 0 0 0 0
109 0 0 0 0
110 0 0 0 0
111 0 0 0 0
112 0 0 0 0
113 0 0 0 0
114 0 0 0 0
115 0 0 0 0
116 0 0 0 0
117 0 0 0 0
118 0 0 0 0
119 0 0 0 0
120 0 0 0 0
