1000 1 1 1 2 0 0
1400 1 1 1 5 0 0
1800 1 1 1 8 0 0
2200 1 1 1 11 0 0
2600 1 1 1 16 0 0
3000 1 1 1 22 0 0
3400 1 1 1 28 0 0
3800 1 1 1 34 0 1
4200 1 1 1 42 0 0
4600 1 1 1 51 0 1
5000 1 1 1 61 0 1
5400 1 1 1 72 1 0
5800 1 1 1 83 0 1
6200 1 1 1 99 0 1
6600 1 1 1 108 1 1
7000 1 1 1 124 0 1
7400 1 1 1 137 1 1
7800 1 1 1 153 1 1
8200 1 1 1 169 1 1
8600 1 1 1 189 1 1
9000 1 1 1 204 1 2
9400 1 1 1 232 1 1
9800 1 1 1 283 1 1
10200 1 1 1 275 1 2
10600 1 1 1 295 1 1
11000 1 1 1 321 1 1
11400 1 1 1 336 1 1
11800 1 1 1 376 1 1
12200 1 1 1 398 1 2
12600 1 1 1 414 1 2
13000 1 1 1 453 1 2
13400 1 1 1 480 1 2
13800 1 1 1 512 1 2
14200 1 1 1 553 2 2
14600 1 1 1 574 1 3
15000 1 1 1 615 1 2
15400 1 1 1 646 1 3
15800 1 1 1 799 1 2
16200 1 1 1 798 1 3
16600 1 1 1 766 2 2
17000 1 1 1 787 1 3
17400 1 1 1 937 1 3
17800 1 1 1 893 1 3
18200 1 1 1 955 2 3
18600 1 1 1 1005 1 3
19000 1 1 1 1016 1 3
19400 1 1 1 1206 2 3
19800 1 1 1 1114 2 2
