1000 1 1 1 1 2 0
1400 1 1 1 3 3 1
1800 1 1 1 4 6 0
2200 1 1 1 7 9 0
2600 1 1 1 9 11 1
3000 1 1 1 13 15 1
3400 1 1 1 16 20 0
3800 1 1 1 21 24 0
4200 1 1 1 25 32 1
4600 1 1 1 30 35 1
5000 1 1 1 35 45 1
5400 1 1 1 41 48 1
5800 1 1 1 47 56 0
6200 1 1 1 54 65 0
6600 1 1 1 62 74 1
7000 1 1 1 69 84 1
7400 1 1 1 77 104 1
7800 1 1 1 98 112 1
8200 1 1 1 94 115 1
8600 1 1 1 108 123 1
9000 1 1 1 114 152 1
9400 1 1 1 128 150 1
9800 1 1 1 136 170 1
10200 1 1 1 150 185 1
10600 1 1 1 158 194 1
11000 1 1 1 172 206 1
11400 1 1 1 184 245 1
11800 1 1 1 196 274 1
12200 1 1 1 225 263 2
12600 1 1 1 225 275 1
13000 1 1 1 236 314 1
13400 1 1 1 253 360 2
13800 1 1 1 270 359 2
14200 1 1 1 287 373 2
14600 1 1 1 301 402 2
15000 1 1 1 317 405 1
15400 1 1 1 331 403 2
15800 1 1 1 365 481 2
16200 1 1 1 374 515 1
16600 1 1 1 422 543 1
17000 1 1 1 407 509 2
17400 1 1 1 430 543 1
17800 1 1 1 463 562 2
18200 1 1 1 518 588 2
18600 1 1 1 488 593 2
19000 1 1 1 519 746 2
19400 1 1 1 533 710 2
19800 1 1 1 562 733 2
