1000 1 1 1 3 1 0
1400 1 1 1 5 2 0
1800 1 1 1 8 4 0
2200 1 1 1 13 6 0
2600 1 1 1 17 8 0
3000 1 1 1 25 11 1
3400 1 1 1 29 15 0
3800 1 1 1 39 19 0
4200 1 1 1 48 22 1
4600 1 1 1 57 25 0
5000 1 1 1 67 30 1
5400 1 1 1 77 35 1
5800 1 1 1 92 42 0
6200 1 1 1 102 47 0
6600 1 1 1 116 57 1
7000 1 1 1 133 62 1
7400 1 1 1 151 72 1
7800 1 1 1 167 79 0
8200 1 1 1 183 91 1
8600 1 1 1 201 104 1
9000 1 1 1 217 102 1
9400 1 1 1 239 113 2
9800 1 1 1 262 120 1
10200 1 1 1 283 135 1
10600 1 1 1 300 145 2
11000 1 1 1 326 156 2
11400 1 1 1 359 180 2
11800 1 1 1 367 184 1
12200 1 1 1 437 195 1
12600 1 1 1 422 207 1
13000 1 1 1 457 215 1
13400 1 1 1 479 240 2
13800 1 1 1 506 244 2
14200 1 1 1 617 258 2
14600 1 1 1 574 285 2
15000 1 1 1 601 300 2
15400 1 1 1 639 323 2
15800 1 1 1 667 312 2
16200 1 1 1 687 331 2
16600 1 1 1 735 346 2
17000 1 1 1 785 374 2
17400 1 1 1 801 397 2
17800 1 1 1 837 416 2
18200 1 1 1 885 449 2
18600 1 1 1 1001 450 2
19000 1 1 1 958 490 2
19400 1 1 1 1011 497 3
19800 1 1 1 1054 519 2
